20
6 3 4
2 2 1 1 4 2
2 5
3 5
4 5
4 2 4
0 0 0 0
1 4
2 3
9 1 3
0 3 0 1 1 0 0 3 0
1 3
6 2 4
3 1 0 0 4 2
1 2
3 4
7 1 3
1 0 0 2 0 3 1
1 5
9 4 4
0 0 0 0 0 0 0 0 0
5 8
1 2
2 7
4 7
10 4 3
1 0 1 0 0 3 0 0 0 0
3 6
2 6
4 6
1 2
8 4 4
0 1 0 0 3 2 4 0
6 7
1 3
3 7
2 3
9 4 4
0 1 0 0 1 0 3 4 0
3 4
7 8
1 4
5 8
10 1 4
2 3 4 3 1 4 0 0 1 0
2 3
7 2 4
0 2 3 1 0 3 2
2 5
1 2
10 1 2
0 2 2 1 1 0 2 2 2 2
1 7
10 2 3
0 2 3 0 0 0 0 0 2 0
1 2
2 10
10 4 3
1 2 0 0 0 3 0 1 0 1
3 6
1 2
5 8
2 6
10 1 4
0 0 0 0 4 0 0 0 3 0
1 2
10 4 4
0 0 0 0 0 0 0 3 0 0
5 7
1 7
3 9
4 7
10 4 2
1 0 1 0 1 0 0 0 1 2
3 6
4 6
2 5
1 6
10 1 4
2 3 0 0 0 3 0 0 0 0
2 4
10 1 3
0 0 3 0 0 0 0 0 0 0
2 6
10 2 4
0 0 0 0 0 0 0 0 0 0
1 2
2 3
