923
438 180 657 678 197 36 424 643 795 398 662 38 455 506 458 849 23 887 259 314 142 355 269 484 4 426 835 192 772 566 481 373 378 842 683 534 658 88 598 301 748 125 352 290 461 211 853 679 298 605 224 464 221 701 430 173 819 161 750 52 5 500 303 528 895 148 320 411 790 376 699 578 628 312 729 602 620 481 46 379 506 77 901 618 682 819 626 673 403 1 393 125 162 812 580 635 305 193 244 857 549 893 108 781 8 78 82 753 531 916 98 632 745 466 746 430 787 636 284 301 909 787 724 398 270 276 541 672 391 264 738 855 55 418 880 746 598 71 621 427 506 644 517 180 370 919 518 654 906 309 352 526 255 52 230 117 698 393 464 754 119 91 906 215 846 145 187 381 248 8 594 513 344 853 217 728 604 541 302 587 654 726 6 561 557 294 546 586 655 187 519 156 677 554 896 365 898 156 521 362 121 139 486 28 180 163 627 86 912 609 458 347 25 564 53 472 181 857 309 818 548 469 772 258 577 14 655 743 29 733 758 293 86 162 222 644 638 388 732 309 228 554 35 620 765 23 101 844 790 202 319 799 856 15 482 341 227 100 763 47 1 215 356 789 806 232 285 382 452 524 643 372 250 629 25 790 579 181 573 820 781 250 620 368 336 288 409 72 268 649 727 476 230 472 112 244 523 338 304 446 775 201 791 156 668 202 392 69 503 738 342 70 30 810 590 173 902 237 737 370 148 421 279 208 194 602 364 151 369 846 634 299 487 598 418 50 153 890 93 700 503 752 130 61 241 689 170 89 747 555 145 819 608 805 900 875 226 98 357 483 697 494 481 353 43 45 2 780 351 690 110 323 837 537 604 26 9 886 419 635 610 786 649 74 869 537 194 500 681 394 606 858 390 167 870 262 18 15 217 706 878 347 242 252 892 92 697 544 243 630 588 9 129 351 683 194 668 788 335 511 430 182 871 79 109 430 459 236 794 271 194 724 76 716 748 147 81 533 781 893 608 110 59 581 879 731 397 123 666 344 134 64 179 190 217 522 228 222 813 721 648 695 640 182 625 363 526 298 834 224 528 320 803 670 500 852 412 499 732 491 329 237 255 747 498 808 63 759 842 394 838 472 516 593 715 398 614 770 140 443 729 353 698 471 228 611 874 562 375 730 885 321 652 301 360 445 66 866 87 406 166 94 673 395 690 67 685 109 527 706 458 670 555 604 535 664 649 465 60 494 92 489 605 445 648 578 169 347 622 336 819 590 549 764 267 234 513 693 189 379 319 49 609 700 600 587 22 778 784 183 631 660 521 866 891 674 538 182 759 197 137 494 4 31 864 222 48 105 150 905 429 507 406 154 770 323 870 573 506 684 359 254 860 566 150 922 292 906 545 88 552 228 65 624 271 585 217 810 885 412 743 822 126 628 117 755 582 65 601 628 27 819 691 277 803 628 334 333 672 609 853 612 760 564 829 484 418 91 36 241 601 152 184 860 22 855 75 792 558 244 790 882 869 236 897 544 308 134 732 423 291 379 868 44 916 845 302 245 778 230 849 218 859 62 192 565 219 642 185 391 36 250 480 200 733 412 784 146 20 39 491 804 27 46 553 899 165 90 826 650 503 749 218 506 441 460 703 449 523 237 633 309 890 832 666 609 754 65 290 868 772 465 602 869 606 694 156 707 642 481 778 637 618 400 141 625 753 242 20 367 100 511 332 678 413 145 129 886 823 343 69 218 440 272 12 584 62 460 161 565 914 297 200 740 844 859 828 852 489 721 747 889 119 252 228 913 101 194 719 531 682 105 467 394 259 550 285 603 655 701 550 87 744 9 210 243 352 735 251 681 674 467 242 293 180 149 367 771 841 573 882 273 324 653 723 858 286 44 329 747 331 414 298 876 534 292 789 119 579 880 390 281 709 536 706 90 500 546 890 709 167 753 487 43 626 546 251 374 642 22 597 582 105 97 783 87 87 270 652 654 903 702 781 349 186 694 102 634 640 354 483 640 819 744 349 866 520 793 153 202 211 168 121 207 596 317 210 827 361 607 111 223 82 249 604 333 14 488 851 646 314 800 602 757 161 156 131 526 852 131 345 134 185
1 2
1 269
1 452
1 635
452 3
269 579
452 693
635 714
269 780
452 793
780 4
780 436
780 586
3 627
586 5
4 348
586 649
436 716
586 919
649 6
348 439
439 7
439 333
6 669
6 708
7 8
669 372
7 632
669 685
669 836
372 9
9 10
9 256
9 377
9 480
9 557
9 630
9 701
480 11
701 554
557 724
10 867
557 907
907 12
554 437
12 13
12 369
437 514
12 688
688 14
369 363
514 386
688 481
13 679
13 768
688 827
514 853
827 15
15 16
15 402
402 17
16 223
16 308
402 748
308 18
748 220
308 445
223 637
18 19
220 222
220 407
18 478
445 489
220 860
19 20
222 521
222 765
222 778
521 21
521 438
521 634
438 22
21 224
634 352
634 676
438 792
634 915
676 23
22 689
915 805
689 24
23 414
805 820
414 25
414 400
820 417
414 621
820 709
400 26
621 258
621 367
25 387
709 412
367 27
258 421
412 662
26 830
27 28
830 451
27 920
920 29
451 918
918 30
918 233
918 238
29 248
29 353
918 397
29 479
918 511
30 31
248 321
248 409
248 580
30 643
238 664
353 862
664 32
31 668
668 33
668 201
668 227
32 279
32 375
279 34
375 654
279 686
279 751
227 798
798 35
34 326
34 338
686 698
686 703
686 726
34 770
34 908
908 36
35 286
36 37
36 350
36 494
36 512
36 767
494 38
37 250
767 559
350 585
37 700
250 39
38 345
559 565
585 665
250 721
250 774
665 40
565 229
665 399
399 41
40 870
40 894
40 898
894 42
41 666
870 763
41 883
763 43
42 507
666 612
883 645
883 705
666 754
43 44
612 416
754 542
612 722
542 45
44 304
416 309
416 374
44 440
722 497
44 515
416 794
515 46
374 212
309 228
304 278
309 293
515 411
794 529
309 875
875 47
278 218
278 332
46 550
293 572
278 595
278 832
595 48
332 468
572 857
47 914
48 49
857 310
914 459
49 50
459 282
49 413
49 543
459 592
49 623
49 658
49 814
310 859
413 51
592 337
413 448
859 584
814 823
814 844
844 52
584 526
584 611
611 53
52 273
526 284
526 294
611 405
526 613
52 777
405 54
273 562
284 657
613 897
405 921
921 55
921 500
921 638
921 647
562 699
657 895
699 56
647 538
895 729
538 57
538 588
729 622
538 667
56 852
667 58
588 354
57 357
622 880
357 59
59 60
59 454
59 552
59 617
60 61
61 62
61 535
61 609
61 642
61 655
655 63
655 504
609 530
609 710
609 731
731 64
731 206
504 393
63 492
530 604
710 651
710 781
651 65
64 312
651 464
492 570
64 692
206 711
570 66
570 245
464 257
312 476
312 583
257 67
476 225
245 531
476 831
225 68
831 297
225 316
68 69
316 447
68 872
316 900
447 70
900 221
872 466
900 520
221 71
520 317
70 346
317 72
317 513
317 553
346 596
72 73
553 715
72 835
715 74
715 456
73 727
73 841
841 75
456 234
74 290
841 358
841 687
75 76
358 302
687 325
290 434
687 510
290 644
234 855
75 865
510 77
77 78
77 523
77 558
77 869
869 79
558 260
558 482
558 548
78 833
548 80
79 370
833 490
260 502
260 545
548 602
548 603
548 863
502 81
490 287
602 323
603 394
81 82
287 496
287 646
287 704
496 83
82 244
646 683
496 871
83 84
83 633
683 673
244 810
810 85
84 639
633 735
633 840
735 86
85 210
840 574
85 757
639 802
735 809
735 893
86 87
802 251
802 266
210 457
86 648
574 707
893 719
210 760
648 88
251 261
457 265
648 443
457 472
719 488
648 522
251 594
87 620
87 737
261 89
594 324
88 366
737 406
737 631
472 695
406 90
631 341
695 356
366 404
324 591
631 675
366 904
90 91
675 624
624 92
91 422
91 483
91 568
624 773
91 775
773 93
422 335
422 469
422 569
469 94
93 263
469 485
263 95
94 253
263 299
263 305
485 465
485 519
263 610
263 663
263 682
253 96
465 239
299 736
305 896
896 97
736 380
896 691
96 718
96 782
691 98
380 359
718 442
718 499
718 589
359 99
98 291
499 371
589 702
702 100
291 313
99 672
291 712
702 725
725 101
313 219
313 474
313 486
725 606
606 102
474 453
486 752
474 856
453 103
856 231
453 241
856 285
752 303
453 536
231 104
231 362
104 105
362 280
104 298
104 429
280 106
298 217
280 419
105 455
105 516
429 528
106 107
106 203
217 268
528 379
516 484
217 808
516 873
203 108
268 274
268 320
484 415
873 576
808 615
873 756
756 109
615 277
274 458
320 813
576 815
458 110
813 534
458 821
534 111
821 272
110 319
821 659
659 112
319 204
272 216
272 551
272 762
762 113
551 270
112 283
551 435
216 825
435 114
435 838
283 876
838 115
114 232
114 240
838 427
838 652
652 116
115 315
232 567
652 628
240 819
819 117
315 506
567 587
506 118
587 207
506 339
587 684
207 119
684 314
684 340
118 566
207 626
207 791
684 796
566 120
791 242
796 431
626 834
431 121
431 501
501 122
501 343
501 525
121 541
121 640
541 123
343 471
343 498
343 532
498 124
498 378
123 600
532 734
471 797
600 125
378 330
797 347
330 126
125 267
347 349
125 398
125 475
125 598
125 599
347 851
126 127
598 237
851 549
349 656
349 746
127 128
127 385
237 650
127 728
237 804
549 822
237 889
728 129
804 361
385 420
385 473
420 130
129 329
420 461
473 491
420 749
420 812
329 131
812 449
329 560
560 132
449 909
909 133
132 477
909 524
909 547
909 739
132 818
909 824
132 877
909 917
909 923
917 134
824 336
824 396
824 410
923 849
396 135
410 243
243 136
243 355
135 487
243 575
243 902
355 137
902 209
487 518
902 772
136 795
137 138
772 403
795 423
137 786
795 922
922 139
423 328
922 463
922 671
786 783
922 861
786 890
890 140
139 306
861 364
139 408
463 799
671 817
799 141
140 246
246 142
142 143
142 776
143 144
776 249
143 255
776 509
776 544
143 601
143 740
143 741
741 145
544 342
145 146
342 226
342 590
145 745
342 807
145 910
590 147
910 276
910 301
226 384
146 678
301 148
276 505
301 571
147 803
803 149
803 215
505 296
803 540
505 593
148 828
215 150
149 262
262 151
262 460
262 527
150 636
262 697
262 785
262 837
150 912
785 152
527 441
837 901
901 153
152 311
901 418
152 660
901 850
850 154
311 389
311 401
418 495
389 155
401 381
389 426
401 784
401 848
784 156
381 202
426 331
155 503
155 581
848 787
426 887
848 911
503 157
787 288
156 845
845 158
845 300
157 382
157 670
845 750
845 788
157 846
845 913
670 159
158 428
158 432
846 517
300 582
382 680
788 868
788 892
680 160
892 208
208 161
160 318
160 641
160 742
208 753
318 162
318 674
753 801
641 903
903 163
674 446
162 616
162 681
903 839
162 858
903 899
446 164
839 376
681 395
616 619
164 165
619 444
165 166
444 271
165 289
165 653
444 696
653 167
166 392
166 462
289 766
289 864
289 885
167 168
885 577
167 789
462 891
891 169
891 327
168 607
577 759
607 170
169 322
759 690
327 755
169 886
322 171
886 555
755 573
755 625
755 730
171 172
172 173
172 205
172 706
172 800
172 847
800 174
173 259
706 368
205 425
800 597
259 175
425 747
747 176
747 213
747 360
175 881
747 884
881 177
176 373
360 738
738 178
738 275
738 605
177 618
177 717
717 179
605 295
275 344
605 694
717 906
344 180
694 235
180 181
235 236
235 677
180 854
235 878
854 182
878 211
236 430
181 866
181 882
430 183
182 254
430 720
211 723
182 879
183 184
879 629
720 905
629 185
629 383
383 186
185 214
383 307
383 561
185 769
561 187
186 252
561 563
307 578
578 188
578 467
467 189
189 190
189 733
190 191
733 264
190 281
190 390
733 661
190 758
733 806
661 192
281 433
806 608
758 779
779 193
779 351
192 539
433 564
192 764
192 826
193 194
826 247
826 829
829 195
829 365
247 771
829 888
888 196
888 450
771 533
771 761
365 843
888 916
533 197
533 230
533 391
450 556
916 811
843 874
811 198
556 493
197 537
811 546
197 743
391 744
556 816
744 199
537 292
198 388
744 424
546 508
537 713
198 790
508 200
713 334
199 470
713 614
199 732
388 842
