919
160 8 611 494 268 371 136 318 847 876 527 39 764 797 376 273 477 94 557 500 479 236 540 280 262 60 689 118 876 468 655 502 216 694 601 543 172 335 414 889 109 442 40 182 24 891 343 607 864 778 440 671 280 583 808 831 53 654 119 118 350 107 508 275 178 648 439 269 299 59 911 642 901 59 88 808 482 455 365 802 793 724 854 120 610 403 423 84 433 337 668 68 296 119 287 75 742 542 493 600 603 338 556 33 775 165 391 556 799 855 901 569 345 249 773 132 438 161 438 156 220 892 234 723 510 173 598 484 206 472 21 792 437 124 420 171 267 705 559 495 755 618 153 657 869 82 527 395 439 512 786 575 778 718 16 90 100 762 236 132 19 609 323 8 463 194 8 523 243 460 536 716 456 525 529 148 536 283 475 693 415 565 360 688 713 702 488 236 488 152 918 463 458 234 773 52 187 602 206 519 377 274 373 818 687 668 620 422 240 321 826 72 628 55 80 470 909 217 356 538 356 736 298 627 197 686 590 53 323 210 35 477 631 90 217 627 734 500 278 165 527 291 773 839 594 819 676 640 599 696 344 358 29 8 834 869 715 262 846 573 790 122 58 912 193 797 536 225 118 20 409 707 601 532 608 829 882 234 698 245 103 248 775 105 553 143 507 633 819 380 265 595 780 910 508 240 336 800 731 211 556 283 239 569 314 543 399 624 527 515 274 916 115 451 303 690 267 339 309 576 582 23 444 249 887 77 566 61 141 174 744 349 798 453 322 345 547 904 729 874 207 766 499 319 311 512 385 453 777 426 17 209 6 520 274 97 879 770 622 568 729 446 129 292 888 606 264 463 144 814 906 782 118 306 302 543 8 837 793 593 307 105 624 374 665 451 701 646 451 513 170 778 532 18 110 526 216 164 356 95 431 462 169 485 848 374 885 172 910 409 875 719 134 254 577 426 227 890 530 251 209 381 533 825 898 842 368 792 400 238 678 889 769 873 31 913 798 555 293 378 875 823 121 139 237 792 500 245 74 762 723 601 129 620 463 820 904 625 632 578 125 687 429 830 779 304 426 201 270 33 158 207 794 442 798 307 679 608 815 641 284 715 660 489 80 179 239 844 664 889 680 755 320 157 248 264 29 57 682 436 269 904 720 377 661 730 710 140 471 473 491 308 355 774 145 839 581 136 485 268 276 547 560 847 373 35 170 814 715 421 719 854 613 701 680 860 473 870 884 755 331 676 634 363 167 71 718 770 107 15 297 42 836 747 124 215 96 355 568 839 463 510 637 451 117 762 36 545 438 877 626 336 170 722 26 847 238 480 768 330 900 756 193 636 165 751 630 380 75 533 564 320 57 179 544 834 676 130 393 793 494 355 160 246 475 179 89 203 394 371 65 692 304 566 703 199 718 479 144 227 415 330 352 458 378 322 602 96 555 711 909 44 62 232 730 347 253 675 885 507 487 539 844 913 708 189 261 306 253 519 188 635 633 122 69 744 490 650 392 721 771 708 896 595 779 131 350 69 712 773 106 59 434 258 847 435 425 139 690 901 201 542 691 136 701 491 741 859 542 450 343 248 680 241 828 900 274 574 799 616 904 269 564 910 484 918 387 890 415 914 41 72 477 688 661 918 478 196 853 37 318 501 632 550 224 755 804 56 882 810 153 60 34 113 447 71 797 692 439 794 222 682 368 480 27 438 24 361 293 813 512 348 762 613 319 797 571 71 176 675 198 554 243 604 908 737 347 257 327 471 56 569 560 560 118 405 374 464 763 247 841 576 317 86 229 162 385 762 392 527 149 37 251 119 561 460 758 603 419 642 541 836 435 450 625 915 521 638 200 119 20 592 543 398 467 264 146 693 563 675 631 806 189 774 359 772 665 652 665 497 507 706 166 177 32 455 228 667 275 573 257 667 889 136 501 2 88 308 801 474 84 394 326 865 172 653 324 735 61 111 516 702 520 637 285 391 13 591 319 493 565 49 254 476 461 733 479 729 479 410 117 315 481 640 2 659 919 35 184 593 144 178 616 237 106 130 464 874 741 361 67 741 204 500 553 544 159 33 638 293 302 440 3 421 355 784 704 10 373
1 2
2 3
2 348
2 421
2 441
2 677
2 720
2 769
2 876
720 4
3 582
421 675
441 884
675 5
675 239
5 6
239 206
5 210
5 219
239 329
5 360
239 495
239 513
5 881
6 7
6 271
210 285
329 368
360 790
329 870
368 8
7 207
271 255
7 680
255 9
207 443
207 517
255 883
517 10
517 276
10 11
10 272
11 12
272 261
11 487
487 13
261 263
12 822
487 861
13 14
13 237
861 343
13 595
822 780
263 880
343 15
595 304
880 305
304 16
305 577
15 580
304 905
580 17
16 287
905 806
287 18
17 243
287 382
287 542
806 598
806 684
287 779
598 19
598 565
19 20
565 259
565 437
19 776
19 914
20 21
259 521
20 842
776 853
521 22
842 282
21 915
282 23
915 307
282 469
307 24
23 477
469 716
23 808
307 830
830 25
477 347
830 637
830 685
637 26
25 380
25 514
25 544
25 558
347 678
25 791
26 27
678 216
558 244
678 673
514 786
678 919
216 28
27 505
505 29
505 552
505 662
28 793
28 836
793 30
662 341
552 362
662 433
836 633
341 31
433 327
362 909
433 917
327 32
909 325
31 745
325 33
325 280
32 293
32 415
325 457
745 605
33 34
415 215
457 222
605 334
457 351
457 399
415 635
605 886
886 35
635 409
222 579
399 628
635 788
399 821
635 885
821 36
885 284
35 471
471 37
471 268
471 755
284 792
36 856
792 38
268 436
37 703
755 706
436 39
436 740
39 40
740 232
740 401
39 851
740 875
851 41
41 42
41 245
41 800
41 818
42 43
245 211
800 296
245 379
42 395
800 504
43 44
43 249
296 426
211 583
379 729
583 45
249 407
729 781
781 46
781 418
407 892
418 47
46 264
418 391
418 476
418 563
892 658
563 48
264 383
563 488
658 494
476 664
476 672
563 681
47 699
476 868
681 49
681 310
681 554
494 650
664 756
488 763
699 912
912 50
763 252
756 512
554 653
50 51
512 234
252 394
394 52
234 361
394 770
361 53
52 490
361 801
53 54
53 449
53 483
53 489
490 593
801 642
490 918
483 55
54 227
489 240
593 641
449 688
449 744
642 823
744 56
823 319
319 57
319 247
56 354
319 357
57 58
57 242
357 533
57 551
247 709
242 59
551 367
551 655
533 663
242 754
754 60
663 274
274 61
60 269
274 300
60 302
60 417
300 62
417 453
300 737
62 63
453 447
737 460
737 531
453 611
62 724
62 837
737 901
724 64
724 492
531 586
447 831
447 849
531 855
831 65
492 429
849 608
608 66
65 374
608 432
608 589
429 657
608 695
657 67
657 286
374 820
286 68
286 400
67 402
820 497
286 623
67 667
286 692
400 69
400 803
667 833
402 908
803 70
803 323
908 412
908 539
908 561
803 569
569 71
561 251
561 466
539 797
569 809
809 72
466 349
251 510
349 73
510 281
349 350
510 458
510 520
72 686
72 828
510 871
73 74
281 467
686 625
467 75
625 403
75 76
403 478
403 764
478 77
764 475
478 572
478 594
76 620
764 626
76 731
626 78
77 290
572 322
77 567
594 590
77 910
290 79
910 546
79 80
546 201
546 265
79 631
546 775
79 807
775 81
265 480
631 500
807 562
265 798
775 852
852 82
798 385
852 422
562 527
798 609
480 636
852 748
81 903
609 83
609 248
903 481
83 84
83 369
83 556
248 679
248 751
481 835
84 85
556 375
375 86
375 352
375 364
375 785
85 843
86 87
352 462
843 616
352 682
843 845
843 878
87 88
462 278
845 390
878 854
88 89
854 660
88 690
690 90
660 311
89 668
89 718
311 91
668 468
468 92
91 423
91 427
468 438
91 465
468 613
91 804
91 896
91 897
427 93
804 705
92 733
896 736
93 94
93 226
705 366
736 414
736 559
705 581
733 607
366 95
366 619
226 834
95 96
95 331
619 618
619 768
834 777
618 97
768 292
768 741
96 812
812 98
292 377
741 485
97 604
292 772
97 787
97 796
741 872
485 99
377 315
99 100
99 289
315 405
99 746
289 101
746 217
289 376
100 444
746 479
405 482
405 537
289 691
405 848
444 102
691 218
217 318
691 484
444 528
376 578
537 765
484 103
528 472
578 916
916 104
472 254
916 632
472 753
916 899
899 105
899 324
632 392
632 721
753 726
104 749
632 825
899 860
721 106
860 525
392 844
525 107
525 223
106 225
106 600
525 630
106 693
225 108
600 253
225 279
225 629
223 683
630 826
107 847
108 109
279 671
109 110
671 309
109 518
671 759
109 879
759 111
879 235
110 326
518 550
309 652
309 773
326 112
112 113
112 456
112 555
112 719
112 829
112 867
829 114
456 301
829 431
113 738
456 862
738 115
862 313
301 378
431 498
431 766
313 116
766 411
498 585
313 734
411 117
734 345
585 508
585 697
116 712
411 730
116 893
712 118
893 454
697 640
117 864
118 119
640 501
454 545
118 549
549 120
119 220
549 277
119 463
549 507
545 771
501 887
277 121
120 231
463 576
507 707
507 857
120 906
231 122
231 459
231 840
459 123
459 646
459 694
122 742
122 760
760 124
694 335
760 639
335 125
335 314
639 336
124 365
124 486
639 547
335 573
639 802
335 832
124 898
125 126
898 617
365 649
617 127
649 224
649 491
126 560
224 128
127 408
491 739
408 129
739 328
408 767
408 838
767 130
767 384
838 516
767 557
767 588
838 606
328 615
838 621
838 794
838 816
838 865
865 131
621 228
516 297
557 723
297 132
131 316
297 710
228 782
723 889
132 133
132 523
316 548
132 571
710 638
782 850
710 913
548 134
133 312
913 515
523 752
515 135
312 205
515 674
135 136
135 298
298 137
298 496
298 568
136 711
298 783
496 138
568 410
783 570
783 584
137 743
711 859
584 139
743 212
410 229
138 273
584 355
212 140
212 317
229 597
273 634
139 732
732 141
634 509
317 599
634 795
509 142
599 209
141 260
599 363
363 143
209 213
363 250
209 333
142 647
260 656
333 144
656 204
143 591
250 687
143 704
647 819
656 858
687 145
144 448
591 455
819 464
687 543
704 890
543 146
448 246
145 275
543 534
543 701
890 758
146 147
758 387
246 714
534 811
387 148
714 256
714 262
714 419
811 506
811 644
387 900
506 149
506 863
863 150
149 203
149 359
149 522
149 541
863 574
863 696
863 727
541 151
359 420
420 152
420 267
151 643
420 717
152 153
267 308
267 503
267 519
643 536
643 614
643 866
536 154
153 266
614 435
154 155
435 306
266 370
435 439
154 502
154 648
306 156
155 238
648 320
155 346
502 461
370 622
648 810
156 157
156 236
156 493
238 587
810 676
461 882
238 902
587 158
493 294
236 450
493 451
882 540
158 159
158 651
450 761
451 911
159 160
651 535
911 698
159 895
535 161
160 283
895 827
161 162
827 230
283 373
827 386
161 602
283 722
827 778
722 163
722 202
722 241
722 258
373 445
778 524
722 627
445 164
163 270
627 338
627 397
524 404
241 553
627 708
163 824
397 165
270 624
824 665
624 166
165 425
165 474
624 873
425 167
167 168
167 406
167 473
167 654
167 891
167 907
907 169
891 601
169 170
169 470
601 538
601 575
169 728
169 799
470 171
575 526
799 888
888 172
526 339
888 566
888 874
566 173
339 446
566 592
446 174
592 381
446 424
446 499
173 841
174 175
424 288
841 332
381 750
424 894
894 176
750 413
176 177
177 178
177 358
177 393
177 789
177 877
178 179
393 353
877 757
789 762
762 180
757 388
757 428
179 846
388 181
846 371
428 814
814 182
371 214
181 257
814 295
181 340
181 442
181 529
181 747
529 183
340 291
214 356
257 530
214 532
257 610
214 645
291 184
530 372
184 185
185 186
185 659
185 661
659 187
659 299
661 342
659 735
659 815
815 188
342 434
342 817
434 189
434 603
817 669
434 689
603 190
603 233
189 389
669 452
189 713
233 191
191 192
191 396
191 700
396 193
396 839
193 194
839 330
193 398
193 416
193 670
839 715
398 195
398 208
670 440
416 666
670 774
715 869
715 904
195 196
904 321
195 430
774 702
869 805
196 197
321 337
430 564
702 596
321 612
337 198
596 303
337 511
197 784
198 199
784 221
198 344
511 725
199 200
725 813
