979
795 318 194 348 487 857 119 891 605 817 583 682 794 652 54 54 956 231 793 114 337 711 425 707 254 861 27 551 468 773 635 443 627 838 473 670 587 356 308 281 434 385 461 844 370 385 669 364 132 810 261 872 158 722 572 856 706 927 23 910 861 876 603 424 561 746 965 572 106 629 518 637 931 975 591 232 177 507 25 346 724 837 364 965 486 317 403 594 173 854 475 783 411 78 815 719 570 864 618 751 400 86 27 803 359 412 504 527 272 56 808 421 813 100 913 321 717 432 808 542 517 765 487 97 554 417 963 972 213 531 315 763 176 242 56 671 651 800 260 618 291 738 100 696 800 188 552 136 42 392 492 942 119 673 901 19 739 83 214 702 1 567 400 225 191 512 221 589 755 55 730 74 42 70 333 673 488 243 768 772 801 175 874 691 569 451 297 183 613 877 947 605 76 614 409 271 370 107 134 26 30 305 200 900 354 434 910 178 328 777 363 886 329 963 462 535 877 43 45 78 503 255 7 174 102 623 21 349 96 171 258 396 885 890 40 723 254 754 846 535 948 886 930 711 683 51 240 633 728 896 790 685 180 258 764 471 391 646 260 159 712 289 83 302 918 403 823 919 257 160 666 112 972 603 834 697 977 708 496 327 82 792 163 479 810 46 944 281 330 858 39 863 432 142 450 806 940 942 644 287 33 928 633 883 955 558 202 388 738 720 822 110 964 662 528 490 290 418 279 348 973 854 784 659 263 413 256 183 538 856 545 721 230 885 210 544 708 907 286 485 568 778 369 907 694 883 326 797 579 756 574 20 42 161 537 391 386 39 249 663 720 465 384 404 631 752 686 543 794 499 133 259 119 374 292 656 42 759 354 205 595 120 144 17 880 965 48 596 696 547 221 734 941 187 832 946 507 955 233 646 337 211 354 100 216 792 580 935 867 196 493 80 113 550 244 545 112 303 302 751 609 855 358 413 280 876 716 86 200 650 941 600 964 648 281 401 344 521 55 117 75 647 602 601 7 822 973 638 27 124 287 722 90 140 875 898 834 480 478 298 9 894 444 89 214 95 268 682 289 697 543 480 473 434 678 187 766 238 362 677 640 956 890 502 927 957 924 537 570 742 12 27 304 244 431 881 860 534 318 917 62 19 511 883 320 94 275 73 282 706 558 258 815 708 216 194 421 858 676 839 144 433 653 829 902 378 708 423 891 215 915 168 78 683 703 439 759 143 132 310 692 248 548 232 612 574 907 235 2 886 714 976 162 585 566 69 690 219 376 353 391 161 184 366 589 855 228 495 751 66 130 911 780 463 874 77 937 409 82 891 380 624 694 373 654 168 163 513 429 97 214 579 819 165 105 536 393 110 726 970 98 485 427 306 377 531 765 425 504 224 77 35 868 328 204 546 787 835 915 576 908 272 423 457 628 895 246 85 678 226 11 856 746 679 880 888 96 264 401 932 874 950 837 959 899 378 850 351 778 154 494 489 364 689 569 204 911 370 552 375 294 350 636 922 504 261 716 122 350 474 494 348 964 549 375 857 809 965 753 274 147 755 884 871 956 977 752 613 528 478 463 666 97 234 117 792 711 126 401 506 608 644 149 758 622 162 378 102 911 70 64 119 115 138 96 569 801 688 76 58 286 27 235 179 665 785 964 179 444 705 823 186 846 761 845 305 520 706 305 30 809 500 842 857 388 309 766 619 940 762 272 572 512 768 545 399 275 941 411 368 760 460 749 466 320 456 876 860 337 705 546 960 919 522 329 847 91 34 406 614 797 346 738 452 829 939 387 781 945 667 944 67 372 504 417 831 486 349 796 254 133 227 927 464 318 406 138 127 911 71 491 221 740 705 693 817 173 797 105 561 45 280 516 311 381 649 469 97 347 696 306 436 973 183 435 693 709 404 8 61 690 809 130 930 971 567 583 670 979 565 753 821 747 12 626 808 440 599 145 731 840 289 277 200 911 883 136 279 840 933 631 295 974 154 757 232 653 531 803 23 875 588 768 921 206 812 944 440 59 401 631 699 669 489 128 890 31 844 452 193 966 58 839 846 114 474 288 709 231 855 665 344 291 740 716 73 502 481 46 945 155 174 804 237 213 697 331 598 828 727 649 56 692 42 912 524 330 117 253 782 73 477 538 347 522 91 452 138 246 830 317 76 934 69 86 62 773 920 283 358 35 679 519 567 4 423 259 497 320 847 451 382 336 197 327 833 75 729 438
1 2
1 407
1 424
1 470
1 509
1 531
1 616
1 793
1 795
1 833
1 875
1 881
1 882
1 904
1 908
531 3
509 385
795 432
424 492
470 537
470 563
904 611
882 635
875 639
2 673
407 685
470 785
424 848
908 864
407 928
407 949
531 956
385 4
956 437
432 440
635 464
611 572
673 585
673 610
639 683
848 724
563 734
3 749
385 773
956 798
611 802
492 808
492 844
685 870
537 917
4 5
610 327
802 329
808 350
773 398
844 422
437 495
798 612
870 650
585 661
802 676
440 677
437 690
4 768
724 898
802 913
734 938
437 970
398 6
329 317
913 331
970 430
650 456
422 461
329 506
5 535
612 622
690 667
495 684
495 718
913 811
329 947
430 7
667 330
622 357
456 391
506 436
331 446
461 498
430 553
684 710
461 728
506 756
430 823
6 886
456 895
456 919
317 975
919 8
553 337
919 369
498 392
446 485
823 515
553 516
756 542
756 628
446 760
498 830
895 862
436 922
922 9
8 315
392 343
760 371
392 376
337 459
392 536
337 580
542 625
922 648
830 671
628 681
862 703
337 706
485 763
516 860
628 893
628 952
369 966
8 978
371 10
671 342
315 368
671 393
459 484
343 512
860 626
860 663
966 666
703 670
625 713
536 721
315 804
536 845
978 914
713 11
484 310
804 352
914 353
484 360
914 400
342 487
342 519
512 522
670 603
368 614
512 619
368 686
713 723
666 754
368 766
804 776
310 12
686 336
522 518
352 523
614 560
686 571
686 578
360 640
614 852
310 878
400 901
487 963
12 13
336 370
878 450
852 507
12 532
852 544
12 566
523 609
852 647
852 662
518 722
518 738
12 762
336 827
560 846
878 941
846 14
827 471
762 624
609 644
370 709
450 711
450 736
647 799
609 872
370 880
471 15
880 316
14 374
872 383
471 395
711 412
736 468
644 476
872 477
14 479
624 594
736 642
14 876
799 921
624 926
799 942
880 968
468 16
15 463
477 474
479 483
374 630
926 688
942 716
642 784
876 801
926 805
412 885
468 899
15 902
477 933
968 937
479 961
463 17
483 556
937 557
805 559
961 606
16 627
961 678
474 720
805 751
16 772
16 835
557 18
678 312
627 318
835 324
772 373
678 381
720 387
559 397
559 448
751 488
627 697
751 702
17 767
627 794
559 825
556 836
678 843
720 887
606 925
606 932
843 19
767 344
702 431
18 449
767 496
825 533
794 577
387 586
794 623
324 679
381 730
794 792
825 888
932 906
767 907
373 924
387 944
496 20
906 309
730 323
924 334
449 415
944 419
586 493
586 530
730 617
944 652
533 753
577 782
496 788
496 831
449 849
924 915
907 918
586 927
496 939
679 971
944 977
831 21
915 403
415 416
939 491
323 541
939 545
788 558
977 637
493 664
753 815
971 817
915 841
927 920
841 22
491 339
403 409
21 502
664 504
416 599
920 602
841 605
416 657
637 714
558 820
416 829
403 854
841 883
416 894
657 23
829 347
599 356
894 408
854 454
504 538
894 583
883 597
502 695
894 731
714 819
502 858
820 879
820 967
967 24
597 314
347 367
695 417
879 443
819 561
695 569
597 591
695 607
695 687
695 698
695 744
583 748
408 765
538 867
23 905
24 25
687 349
765 428
867 444
569 460
367 497
314 510
607 524
687 596
443 598
591 649
687 828
367 840
687 896
428 26
25 311
510 365
510 402
510 423
460 548
428 574
524 579
598 582
828 694
828 735
598 741
460 790
402 27
548 301
741 326
311 332
311 333
579 345
574 351
548 413
311 426
423 500
26 555
735 570
790 573
582 618
365 633
694 745
311 759
548 816
579 850
311 873
555 28
332 307
351 406
555 410
816 501
873 634
573 699
413 729
333 891
618 910
745 953
413 954
333 974
954 29
501 328
406 348
891 466
410 482
954 494
406 732
910 746
307 787
699 842
410 869
410 948
948 30
482 321
328 364
482 434
29 465
948 712
842 777
328 863
29 889
434 31
30 304
863 513
364 514
30 534
465 543
889 568
777 641
434 680
321 838
777 853
30 861
364 866
838 32
866 377
514 380
680 384
866 442
861 462
568 539
513 595
513 620
641 632
641 638
861 646
514 669
31 705
641 757
680 761
838 779
304 812
680 818
838 884
866 960
818 33
595 322
761 362
669 472
757 546
377 588
380 660
818 707
884 717
818 770
812 789
960 847
705 897
669 969
588 34
770 319
897 366
789 420
770 441
717 458
707 576
847 778
789 909
969 911
770 923
717 931
717 955
458 35
34 451
420 469
34 499
909 653
441 658
931 659
923 682
778 719
778 743
458 781
931 796
366 810
911 824
743 36
743 341
658 363
796 375
719 394
35 489
653 550
810 551
659 615
824 629
653 708
719 737
658 747
682 750
451 775
451 940
810 943
629 37
747 302
775 355
940 411
615 475
940 517
943 589
708 665
375 696
36 839
708 973
747 976
475 38
475 382
696 389
302 540
839 668
355 826
973 837
589 929
37 962
382 39
826 335
837 340
389 358
826 378
826 427
382 439
668 527
929 592
962 608
929 631
382 771
540 951
962 965
837 972
427 40
771 388
592 399
39 405
39 435
358 467
427 478
771 486
439 521
340 581
340 800
358 813
39 855
972 877
467 41
581 338
877 354
521 505
486 526
467 654
399 656
521 691
405 809
691 42
654 396
656 414
654 429
505 438
338 447
691 503
809 511
505 529
809 621
654 674
505 689
505 791
41 890
338 934
674 43
890 303
934 305
689 320
42 401
529 645
42 727
529 803
511 868
621 892
689 945
503 957
42 964
964 44
868 306
957 433
320 552
305 587
892 672
868 693
727 725
401 755
305 780
964 806
320 851
401 856
964 903
945 912
892 916
43 936
851 45
433 404
903 425
851 445
44 457
433 692
672 700
587 739
806 822
587 959
822 46
457 481
959 490
692 549
404 575
425 613
739 651
457 675
457 769
959 807
959 821
700 859
425 935
692 946
769 47
490 325
651 359
769 372
859 418
549 520
575 554
946 590
481 604
821 636
859 701
807 704
946 715
769 758
613 783
490 900
47 48
418 346
701 528
47 600
590 733
900 742
372 774
704 797
636 865
325 930
774 49
797 313
865 379
930 480
733 525
742 547
528 562
930 584
346 740
528 764
797 834
528 857
733 950
600 979
950 50
562 390
379 452
834 564
480 567
525 643
857 726
834 752
857 786
480 871
764 874
547 958
564 51
390 308
564 361
871 386
874 421
871 453
871 455
874 473
390 508
452 565
643 593
752 601
564 655
452 814
50 832
51 52
52 53
53 54
54 55
55 56
56 57
57 58
58 59
59 60
60 61
61 62
62 63
63 64
64 65
65 66
66 67
67 68
68 69
69 70
70 71
71 72
72 73
73 74
74 75
75 76
76 77
77 78
78 79
79 80
80 81
81 82
82 83
83 84
84 85
85 86
86 87
87 88
88 89
89 90
90 91
91 92
92 93
93 94
94 95
95 96
96 97
97 98
98 99
99 100
100 101
101 102
102 103
103 104
104 105
105 106
106 107
107 108
108 109
109 110
110 111
111 112
112 113
113 114
114 115
115 116
116 117
117 118
118 119
119 120
120 121
121 122
122 123
123 124
124 125
125 126
126 127
127 128
128 129
129 130
130 131
131 132
132 133
133 134
134 135
135 136
136 137
137 138
138 139
139 140
140 141
141 142
142 143
143 144
144 145
145 146
146 147
147 148
148 149
149 150
150 151
151 152
152 153
153 154
154 155
155 156
156 157
157 158
158 159
159 160
160 161
161 162
162 163
163 164
164 165
165 166
166 167
167 168
168 169
169 170
170 171
171 172
172 173
173 174
174 175
175 176
176 177
177 178
178 179
179 180
180 181
181 182
182 183
183 184
184 185
185 186
186 187
187 188
188 189
189 190
190 191
191 192
192 193
193 194
194 195
195 196
196 197
197 198
198 199
199 200
200 201
201 202
202 203
203 204
204 205
205 206
206 207
207 208
208 209
209 210
210 211
211 212
212 213
213 214
214 215
215 216
216 217
217 218
218 219
219 220
220 221
221 222
222 223
223 224
224 225
225 226
226 227
227 228
228 229
229 230
230 231
231 232
232 233
233 234
234 235
235 236
236 237
237 238
238 239
239 240
240 241
241 242
242 243
243 244
244 245
245 246
246 247
247 248
248 249
249 250
250 251
251 252
252 253
253 254
254 255
255 256
256 257
257 258
258 259
259 260
260 261
261 262
262 263
263 264
264 265
265 266
266 267
267 268
268 269
269 270
270 271
271 272
272 273
273 274
274 275
275 276
276 277
277 278
278 279
279 280
280 281
281 282
282 283
283 284
284 285
285 286
286 287
287 288
288 289
289 290
290 291
291 292
292 293
293 294
294 295
295 296
296 297
297 298
298 299
299 300
