988
433 433 354 437 377 157 512 214 776 48 899 726 341 742 17 223 697 884 692 962 132 381 349 111 166 378 898 140 969 134 950 315 917 412 579 912 45 571 887 401 34 358 808 864 639 478 979 909 229 631 322 792 584 42 143 135 246 816 511 754 683 599 935 226 110 340 225 337 746 154 916 625 950 83 666 112 640 974 134 648 50 559 354 463 208 301 872 599 854 477 923 181 122 739 776 967 544 725 286 413 27 10 509 485 116 274 337 43 451 70 827 981 68 405 305 457 414 740 849 534 427 328 459 315 664 530 588 173 366 68 598 774 22 948 228 175 800 126 759 295 211 910 710 840 777 453 918 949 209 741 577 98 440 584 682 928 955 927 64 354 875 25 220 591 940 774 958 629 289 235 936 231 62 400 868 719 51 887 718 568 672 857 568 853 771 132 555 465 959 363 814 345 470 940 51 418 725 719 872 952 202 165 113 852 368 644 372 158 55 417 723 338 787 469 403 349 260 149 707 55 321 369 46 817 702 591 738 329 890 263 541 51 258 218 201 28 202 861 954 429 585 78 508 956 440 641 15 799 473 69 59 841 929 587 309 173 718 90 848 283 751 108 383 485 185 482 547 833 31 421 83 541 542 375 445 316 695 295 230 208 830 709 596 586 836 936 714 552 844 160 216 737 784 457 346 711 899 133 853 361 702 149 81 417 656 639 235 170 371 545 591 547 887 726 526 388 277 78 248 266 485 617 577 539 320 526 816 419 983 933 383 523 691 915 705 359 521 610 658 193 767 381 394 370 895 240 533 791 39 59 360 306 227 101 522 5 409 288 813 182 332 104 398 321 524 493 859 769 819 293 620 202 751 509 957 519 625 749 400 108 69 325 864 224 232 9 574 301 29 474 384 373 91 249 891 231 518 547 555 128 853 60 383 640 3 519 235 193 420 350 815 895 307 885 53 203 855 760 616 96 438 859 282 322 869 745 545 892 757 32 160 152 272 6 102 346 533 249 523 185 519 83 485 871 786 770 980 393 548 301 521 376 883 763 898 687 202 256 888 80 316 699 873 317 65 549 578 504 533 414 601 439 622 628 411 876 978 702 207 511 923 744 46 606 487 784 460 145 155 473 812 786 693 4 512 537 831 308 312 929 341 514 964 809 696 252 513 233 383 73 512 662 207 448 949 82 377 839 387 229 342 230 232 776 591 65 417 142 310 153 708 551 739 944 417 101 49 897 444 258 356 107 125 441 778 165 458 520 135 414 28 542 89 728 41 180 826 84 740 62 52 591 659 133 519 405 810 292 604 686 659 121 244 344 6 249 149 554 797 983 426 53 538 132 844 139 338 431 595 856 929 317 481 386 262 280 218 487 175 134 539 508 764 850 691 320 492 891 973 919 191 964 926 138 108 116 928 321 874 497 903 644 448 726 150 367 840 697 175 613 919 859 31 971 88 695 275 502 174 447 546 177 903 748 483 895 309 613 415 920 759 269 334 189 745 862 193 560 262 673 808 143 486 275 333 589 477 612 295 500 944 285 321 46 735 47 476 669 832 893 329 653 396 243 947 61 539 266 125 540 372 806 178 736 53 942 127 143 447 125 910 505 445 456 838 579 573 835 533 387 399 758 115 801 693 464 593 239 257 881 806 28 827 28 687 55 623 807 37 375 444 344 496 983 585 274 867 879 334 548 406 349 885 199 296 64 546 710 294 922 780 833 737 716 105 791 222 545 352 890 467 915 459 310 179 645 474 131 744 68 86 351 136 238 817 280 430 527 500 909 11 620 466 329 510 447 706 657 333 677 38 363 675 447 841 515 725 598 494 592 18 474 442 809 447 369 986 327 294 42 729 829 594 428 322 872 581 471 772 939 835 260 936 777 73 77 401 728 653 829 671 755 300 200 227 771 436 207 412 293 308 668 248 10 44 634 536 782 288 122 771 766 579 87 863 650 756 46 694 54 527 898 295 806 445 757 321 447 443 111 469 417 247 556 325 902 898 547 207 834 72 616 551 287 446 827 410 185 407 628 654 197 584 866 745 870 874 130 840 786 234 353 365 131 160 908 239 402 64 539 303 277 982 215 589 170 665 195 529 307 258 318 386 86 575 509 659 107 243 900 528 136 386 385 766 190 565 335 197 408 654 389 924 985 485 508 528 359 351 247 350 955 464 198 249 615 853 739 237 11 259 843 361 39 966 331 762 95 899 329 548 828 345 836 795 17 360 83 920 71 251 102 196 616 656 636 199 754
1 2
1 20
1 49
1 54
1 65
1 67
1 100
1 104
1 111
1 130
1 171
1 186
1 189
1 192
1 193
1 203
1 208
1 217
1 238
1 239
1 276
1 289
1 296
1 297
1 304
1 308
1 312
1 324
1 326
1 339
1 340
1 341
1 356
1 393
1 402
1 408
1 412
1 440
1 441
1 460
1 490
1 495
1 498
1 530
1 536
1 557
1 570
1 589
1 596
1 600
1 622
1 625
1 627
1 633
1 652
1 654
1 673
1 677
1 680
1 689
1 701
1 702
1 704
1 711
1 717
1 723
1 767
1 784
1 794
1 799
1 813
1 814
1 831
1 850
1 851
1 852
1 853
1 854
1 860
1 874
1 892
1 901
1 923
1 925
1 928
1 930
1 931
1 934
1 940
1 946
1 956
1 971
1 974
312 3
901 17
312 26
536 31
570 40
901 50
193 74
625 90
673 94
853 108
297 113
673 115
2 116
930 121
239 124
600 129
627 132
530 145
717 152
673 182
654 190
412 210
851 213
717 215
100 225
536 226
971 235
852 236
192 253
308 264
536 275
934 283
673 286
54 299
341 318
892 346
717 360
20 369
901 373
701 388
208 391
654 397
853 403
711 414
308 415
193 420
974 423
956 424
530 426
930 428
193 432
723 443
799 458
925 469
874 475
20 478
67 486
956 506
625 508
297 515
498 520
289 528
892 535
940 575
393 579
928 580
946 584
217 616
813 660
2 662
326 682
208 709
490 716
308 720
341 721
974 762
530 765
100 773
928 775
104 797
974 807
854 819
925 844
2 871
860 877
402 896
339 915
874 941
308 948
67 949
557 963
536 964
850 966
717 986
20 987
575 4
458 19
915 21
478 51
616 63
145 96
210 106
948 119
3 123
391 127
478 140
275 147
360 154
584 155
318 158
720 159
896 179
152 181
236 194
773 198
762 205
403 228
346 229
26 231
520 233
941 244
182 247
528 263
616 328
145 334
720 343
762 348
773 352
124 363
283 364
40 378
26 387
145 413
443 418
235 427
108 444
132 451
579 454
403 457
373 470
844 481
458 489
318 512
949 513
299 517
116 541
225 545
478 549
515 560
963 569
506 574
129 576
986 591
963 592
90 593
94 595
762 604
132 608
721 631
90 636
584 643
584 659
660 661
415 668
388 669
871 686
443 691
520 692
318 707
966 710
616 718
253 730
283 732
113 736
3 737
721 779
721 780
397 785
129 793
535 801
775 808
369 830
215 834
797 835
108 838
877 841
236 845
660 849
682 859
423 891
31 895
948 910
253 914
275 936
709 957
528 959
871 970
113 981
346 982
391 983
363 5
352 16
732 23
119 30
4 34
849 37
569 39
96 41
845 46
233 62
574 68
692 69
910 81
194 114
631 131
244 135
643 146
959 150
718 162
859 163
328 177
730 178
179 209
718 212
691 224
159 230
661 245
378 248
158 251
179 259
4 266
541 268
343 284
413 285
545 288
959 306
592 309
780 315
378 319
659 332
387 350
457 354
119 357
801 367
574 370
247 374
96 406
801 416
63 434
957 439
560 461
692 467
154 496
181 502
576 516
936 529
710 533
838 551
123 552
592 554
780 559
413 582
592 590
859 618
845 623
229 637
51 650
119 658
970 666
668 675
957 681
106 684
835 690
982 696
198 699
737 740
636 741
545 743
158 744
835 754
545 770
247 788
517 789
710 796
179 805
364 815
859 816
834 817
983 818
147 832
936 837
891 863
123 875
63 881
686 886
19 904
736 912
387 942
732 945
334 954
209 6
516 45
434 57
209 73
675 83
434 88
46 101
315 141
248 142
357 149
248 151
770 169
675 170
886 200
288 201
131 204
251 211
288 218
30 219
177 220
789 237
245 243
590 265
131 282
954 295
374 307
259 316
744 317
650 325
681 329
551 337
332 338
319 347
37 371
675 376
284 383
875 389
681 390
230 398
306 400
796 417
224 437
696 449
744 450
954 466
904 525
251 532
23 540
502 546
370 548
832 550
357 585
285 597
39 598
623 599
68 602
251 609
770 611
744 615
309 644
675 649
81 671
788 672
533 678
796 683
16 697
16 712
30 714
590 719
650 745
131 750
131 758
135 761
37 769
770 776
224 778
743 783
650 787
559 822
743 825
434 848
788 856
754 879
796 883
837 890
754 917
306 918
681 919
37 926
650 932
251 943
30 947
623 962
904 965
789 967
875 972
740 978
367 988
57 7
967 28
400 32
769 38
101 42
265 56
237 61
325 66
347 72
73 77
6 78
671 86
776 89
978 91
917 102
602 103
972 107
295 109
883 139
644 153
142 160
371 172
376 180
602 195
265 197
329 206
883 222
965 240
243 242
585 249
932 254
683 262
141 298
338 303
282 321
295 323
417 336
609 361
926 407
585 409
389 425
697 433
149 442
644 471
671 472
466 484
548 485
200 497
390 503
776 526
337 527
142 539
389 565
525 566
220 567
883 571
317 578
295 581
169 583
525 601
265 614
532 621
697 624
822 630
237 632
919 634
540 640
6 708
83 728
371 729
170 731
437 757
201 759
769 774
83 800
879 806
962 823
466 824
383 826
769 840
697 865
879 868
449 869
88 876
615 878
450 889
750 897
822 903
338 933
282 937
967 939
761 953
337 955
303 8
160 18
407 43
206 48
103 53
107 82
321 84
28 85
840 87
89 98
939 120
242 128
806 136
757 148
526 156
72 165
206 191
953 207
172 250
472 255
621 256
759 260
708 269
634 270
601 271
614 272
7 277
826 280
634 287
66 302
601 305
28 314
868 330
86 333
323 335
254 359
840 362
565 372
433 377
471 382
826 394
42 395
953 399
321 401
197 435
624 446
624 463
72 473
7 479
86 483
77 491
939 493
578 510
953 542
897 544
262 572
731 587
953 620
889 642
565 648
262 651
61 665
503 676
78 679
731 687
42 688
102 698
262 706
484 725
889 726
484 735
826 738
878 739
708 742
823 746
336 748
601 749
565 763
953 782
800 790
566 798
601 803
824 809
583 811
86 828
634 829
774 836
72 857
425 867
897 922
774 924
103 927
409 929
425 944
249 950
937 951
897 973
774 976
86 977
32 980
425 984
544 9
688 22
287 27
255 33
782 36
362 58
8 59
156 64
726 75
272 76
463 112
8 118
620 122
394 125
255 157
790 166
739 185
479 188
87 202
128 234
136 246
742 252
479 273
483 290
798 294
43 301
128 320
929 322
510 342
302 344
18 345
53 349
85 353
950 355
335 358
399 375
977 379
302 380
620 386
359 392
156 405
809 411
395 419
980 422
651 429
87 431
53 436
642 453
395 462
359 464
749 465
98 468
84 482
87 487
782 499
207 504
362 507
277 519
255 531
491 534
314 553
270 555
287 556
120 558
82 563
362 564
867 577
98 594
746 603
542 605
688 606
270 610
401 619
330 641
98 657
651 663
676 700
542 760
688 768
493 771
394 786
271 791
976 792
929 795
811 810
48 812
359 827
335 839
698 846
260 855
18 861
651 866
922 872
271 880
749 882
510 884
698 885
473 893
280 894
944 898
984 900
980 902
746 905
399 906
359 913
749 920
287 952
399 960
698 961
43 968
419 10
411 24
468 25
36 29
290 35
905 52
920 60
487 70
422 71
499 80
507 92
791 95
906 99
499 110
564 117
792 126
322 137
342 138
839 143
960 144
872 164
577 167
322 168
555 175
294 184
619 187
76 196
768 223
577 227
792 232
22 258
64 261
507 274
880 278
760 281
555 311
349 313
185 327
792 365
125 368
27 381
392 385
349 396
827 421
519 430
185 438
791 445
9 447
556 448
531 452
392 459
812 474
507 476
795 480
898 500
386 501
556 505
605 509
519 511
894 518
301 521
234 523
563 537
185 568
507 573
827 586
906 588
555 612
9 613
386 628
603 647
872 656
657 664
812 670
380 693
22 703
380 722
906 724
33 733
9 751
920 752
301 753
827 755
122 764
810 820
166 821
861 833
234 842
855 843
893 858
902 862
894 864
905 870
358 873
563 899
855 908
555 911
846 921
431 958
122 979
232 11
385 44
755 47
258 55
588 79
764 93
722 97
656 105
117 133
476 134
313 161
573 173
693 174
568 176
764 183
25 199
753 214
117 216
137 221
223 241
187 257
99 267
664 279
168 291
232 292
858 293
311 300
873 310
258 331
70 351
612 366
144 384
474 404
858 410
421 455
755 456
24 477
175 488
311 492
864 494
164 514
10 522
820 524
144 538
138 543
278 547
573 561
92 562
29 607
448 617
438 626
232 629
385 635
656 638
573 639
501 645
138 646
10 653
501 655
232 667
899 674
368 685
722 694
438 695
911 705
873 713
452 715
438 727
505 734
864 747
833 756
751 766
908 772
281 777
10 781
858 802
612 804
385 847
979 887
327 888
523 907
164 909
833 916
505 935
227 938
385 969
52 975
168 985
547 12
12 13
13 14
14 15
